image: short-course-33.png
resolution: 0.025000
origin: [-11.50000, -5.000000, -0.090000]
negate: 0
occupied_thresh: 0.65
free_thresh: 0.196

